133.6142
134.3004
134.2024
134.2024
132.5359
130.3792
128.3206
127.4383
124.4974
125.9679
123.2231
123.5171
124.3994
123.5171
124.3014
123.3211
121.0664
120.1841
117.6354
119.1058
117.6354
114.9886
113.8122
112.0477
116.1649
114.2043
115.3807
117.1452
117.6354
114.6945
114.6945
113.7142
115.1846
114.6945
112.7339
113.1260
114.2043
116.8511
117.7334
115.6748
120.6743
124.0073
125.4777
123.8112
125.4777
130.9674
133.8102
130.3792
129.1048
131.2615
132.3398
132.1437
131.3595
132.3398
132.3398
131.2615
129.1048
126.5561
123.7132
120.0861
123.1250
122.1447
121.5566
121.7586
118.5960
